96813065
91912433
97894933
92025593
97310565
98146151
93588862
99812574
99342850
92639993
99053001
99715579
97325699
90151007
95937675
99324842
93378655
91914761
92419585
93982318
90177257
99239511
94977095
95612489
95411174
93532645
98987834
91519376
90036757
93329002
98360151
94435210
96179414
90496499
90808057
96911049
93944365
93837556
96263837
99343465
91727724
93359554
95230247
99686436
98367383
90317418
99581618
97020814
98002708
91406303
92429206
95439851
98509787
90371980
98758967
95438953
97555633
93870651
92538990
91447517
93861384
90757457
93111126
98167524
91748743
95706660
98713842
99605104
91503135
95115607
99512302
95279827
90916574
95798946
99775346
91755342
92738203
92061598
92435081
98725737
91162168
90785326
91578563
94346505
91950646
93012248
98926006
97632546
92262764
93909204
92131850
98275112
94537073
92988497
90754318
96757822
99863008
98921128
96063887
91076599
95528828
93438226
93901367
98975090
93451139
90642687
92000780
90168829
97490060
94320789
98719017
90706473
95036150
95487852
97688441
98131565
96672753
99047264
98934062
93224955
96966548
91023821
94307253
93565365
95276054
92095058
96926174
99675516
96806556
97600747
99874367
97510298
95487126
99098604
92407645
96921099
96420622
90397788
96554339
94573999
96651485
93663729
94326976
92737569
96616189
93909654
90622241
90316856
93962649
91817248
97083792
97977894
96143826
98202502
93121941
91722812
96757258
92448453
94779079
97888900
90742215
94733214
96711825
92400717
90821255
99576890
93945601
98391572
95325612
98593864
91006369
90076241
92663293
97096310
99887871
99005929
91787551
93620104
93371722
93342429
99676252
96135070
97983671
98265297
94650769
92428499
91273811
91181877
92061808
95901711
92465837
92237509
93412341
91646601
90213271
95746466
94631023
91641993
96744044
97504485
92996600
97650729
96182705
91407135
94413605
93862411
97992762
98887637
96921519
96373558
91979591
91623676
93681724
96230925
99664491
90844491
99141646
98156296
91516318
98201357
93437090
98364256
96952849
90662478
93956964
96764200
91461167
92938782
95529466
98720821
98906879
98693698
90037964
96708105
93112458
91348397
96549226
93332264
98719970
96323866
95721737
93282006
92526371
99390807
92035027
90467276
99117303
92311794
91821111
95356536
93957779
98192041
93942264
99011404
92490860
96233345
96554360
91448946
95210964
92810607
99925457
99712058
98911253
99857880
96756579
91733370
93721882
95375352
98625134
93499614
99598003
95801370
97675384
92262137
98231759
97349737
93569216
98790884
92993966
98828557
94387008
93353721
99324756
96455649
98189181
91268544
98887943
92672547
98660789
91137247
97709915
99740758
94842102
95982292
90249038
91004104
99729750
94831127
98486249
98458057
97379168
99119122
96189534
95396676
91107801
93291320
99983368
99118743
93137966
99198516
95915141
99534217
95436456
91505428
96198954
96493327
92974926
93618227
99568350
95513400
95405287
94494253
96771025
98931459
96743352
91975053
96685392
99937911
91955955
99053522
90095599
96760064
95795715
94463270
96645460
95257161
90951923
99357070
97096692
95569429
99927817
92209056
94195982
90372536
93543674
95555761
95416480
96226245
95036017
99246137
90328743
96898602
93335195
94166075
99565571
95782314
96903570
93591224
91607291
90048756
92291476
92159500
99589084
90207042
98551364
94277404
90548053
93299967
99670343
90736103
92584241
95018003
94943760
90844497
95535749
93396513
93917285
92018128
93581888
98617115
95563642
92519139
97928273
92294723
94672083
98941966
93696973
93024562
92179036
92248733
95446733
96835076
93498764
98374540
99269215
95343695
92690963
93284273
91772603
96359472
94601501
91304819
92836851
99520543
96563773
93011610
94091688
99041905
93335458
99607054
90956717
93909206
96299858
96162603
94866623
92324192
94813511
92914971
94448626
92355790
90071385
93663860
99357284
94406833
98113948
93122036
99649531
93173240
90508350
98786746
98564506
93226212
95285903
94131457
99455994
96703150
94315279
98898423
90461366
96364055
97713639
96321937
99615148
95265918
91357160
93310858
98886723
98594631
99840340
93914143
96567721
97393322
96707436
93933451
90853245
94532942
95034738
93125316
90964896
91176380
94330089
98288818
90631980
94972122
93707726
99084527
90345601
98320340
93628768
98683708
94781686
92307484
94533134
95523692
96852494
96735762
90073561
96321465
96847049
91648582
92351457
97611297
99322314
97661650
92155077
95077985
90697996
93540787
91508491
93562409
98813061
95088917
97096600
92088725
95196994
98802002
91767061
94161943
99323970
96293775
90159344
98298298
90109834
97065173
98359023
98063111
97082510
99508200
98076850
94958121
99113327
92111265
99642363
96589664
93709972
92043253
94811436
92230067
98247576
95784423
91823297
90114784
92036436
97460654
93612561
98446710
96951890
92378326
98402357
96309391
92355287
90894144
91000936
90480677
99296604
95360642
98658543
94264508
97682144
97517582
94811961
92432254
94342265
95257948
99533739
92058582
95205778
91483044
90131841
91830627
90618413
99609385
98904006
99501690
92172302
92770993
95730372
98868950
98965672
95713305
95645288
98617150
97138507
93497051
91815658
93076581
97877659
90746588
93045597
94404316
99574936
95368936
94740505
95110890
94476539
94114339
98516363
94078673
99866273
98215767
90871366
94487929
94772732
92111897
96914616
94257117
98981372
98249228
92618434
92150790
91667007
99505788
96126108
90741637
95024173
92454576
90777174
97488750
97626220
99607985
98935224
98427244
94152640
95025366
98545764
93531875
99145230
94685160
96244032
96027698
93241418
91521188
96686314
92422979
96176299
91405869
97637163
99056939
99517720
91333100
94429432
96849889
94716404
99942415
93001792
94132497
91956464
98861375
94775150
95961316
95293455
96494142
95965198
93996691
92168833
96952219
95115681
91480018
94492747
98136443
95394677
99792132
93367674
95685321
98014814
94830456
96588941
91399940
97329847
96664895
94543285
96806088
90174140
92105714
93936963
90936968
94219224
97842082
97071629
94043984
99286452
98809001
99961557
98682841
96519270
95601964
97108559
91848062
94849740
98211867
90887640
98264823
99418634
92438467
94118211
95546998
97282657
92583196
99787293
96611171
94720708
95478686
98584079
98177346
96722555
98853936
97597887
90987372
90202962
91925334
92652715
91552736
93873751
99357333
96679202
95184983
99157482
91548722
91975658
91877102
97716936
93389857
90825014
98681247
91409494
93276737
97151962
98153845
92370389
92018207
94433848
97202438
93999670
98734718
99676496
93460627
99120666
93477304
98168024
91555707
96717860
95646287
98344144
96775677
91769572
90405722
97031323
91857881
95089541
95513114
93575889
93180573
93534582
92377376
96149991
99972389
94990926
93362555
91654349
98641985
91065286
93137313
97351121
95119129
90631831
98944677
95291734
97414295
98884267
93019051
95126139
94996606
93761630
97677592
90558210
90047013
92542976
94089690
92605684
93236565
96966013
98575215
99825444
91811411
97413515
98347197
99365701
94975057
95685104
91627168
93957701
93686218
92444816
91946982
90499340
99415771
99538180
90796232
93041994
94355384
92483809
94369466
98699171
97877937
94992106
98731134
97319662
90148361
96084256
95594193
90611780
92273054
92038736
94582656
94298397
97535641
92655250
97419976
91477309
98254533
94548442
91527222
92565017
91830973
97297121
98504354
90314427
93861239
92068373
91402371
92886272
94327937
92488623
91084888
90272318
91929694
99151780
92558413
90493671
92143184
93573130
96983719
94989206
92406684
97672144
91182270
95660980
90535444
95156438
92092880
98594473
93887230
99823617
96709997
98645583
91281579
99477020
90630099
99689203
94177771
98377660
95610582
96508402
94438488
92412237
99627512
90802907
99792229
95170558
96719302
90203488
92588118
98919932
90418196
97233304
92027640
96267145
96664786
93992118
93885878
96857376
95349163
97666741
94491117
95001827
90884074
91556068
98791751
91424262
96260277
95480611
94338409
92752998
95684848
93913835
95192089
95666503
99457514
99468731
95925287
96862225
97914824
92029528
93539213
95636148
99471526
91562862
98697563
96231432
96264521
97306664
95177512
95377124
92536554
93403137
93928508
90689685
93033645
91393389
98493297
92431272
98569373
92947730
93188627
93179221
99349974
91803733
91271180
96940039
98898639
92107432
91416136
91286436
99409629
91960033
97214448
92736480
95098034
93508481
94694387
91250399
94858088
91642970
95284228
96671832
97896226
94359384
91067178
98388749
97234829
92398634
93978942
97336249
98477172
90210757
99062445
92054051
94597125
97505622
93181024
92831645
95491444
97031642
90279159
98316017
94291987
95305071
95056948
91108908
97444401
92378489
97091231
94701635
95570689
90615223
99517803
99415568
97983191
98848855
97598705
98551776
94883553
96661680
90708420
98684498
96352105
91570769
92553689
93768764
98892526
91989292
97225858
99439899
99912820
90574762
96108186
93689514
97749221
92186239
99520836
90368978
94381937
99421892
93045034
92833992
93907319
90760582
90524606
92226551
96001761
97415327
91580151
97926277
97873274
90786208
99612560
96311166
94953035
91580965
93120353
97958572
94046002
96960404
92701971
93263189
91550820
94001505
92738279
95449840
96223888
90434916
99439053
91441444
95124641
92801491
96449649
94537946
92589527
92793037
99849010
94776389
91132585
99883588
97324036
92203087
92049340
99255869
93620866
93575928
98984358
91168666
91797982
93527431
96296986
94954648
97493149
91930554
98803895
97836647
93501174
97152323
91018492
99108457
96970740
96216681
90123555
95603806
96309718
95964459
94637377
93469839
96958051
93829241
99523780
90246254
95167326
97322229
99009483
91893155
99592611
98571792
99267017
96191635
96783312
95548973
98189559
93965775
98723612
96147732
98999806
93434252
98839763
92661757
93147492
97200238
96610055
96286578
95258383
98997699
92423846
91781648
90297079
95230218
92903406
93588411
92082627
91566067
95469199
97233560
99925495
98903822
99373323
91761154
94605040
95515625
